6.212804089972563393e-01
3.314260985506932933e+00
1.025732610206168571e+00
4.836953364068572903e+00
8.679420221459635543e-02
1.172001160868982206e+00
9.348808052804991053e-01
1.547363471458407469e+00
1.156684306376915439e+00
1.166457685790645016e+00
3.327975170845452801e+00
2.216596828630248872e+00
7.269256756816357967e-01
3.692151899610771171e+00
3.133427744589345920e+00
4.189640843586375785e-01
1.357964725297249098e+00
3.557974867032393657e-02
3.173632002516553641e+00
1.452403561753545347e+00
7.695318191890310189e-01
2.060297356763024723e+00
1.211237824174894229e+00
2.522617999412690271e+00
7.055821464276759158e+00
2.258585814918917301e+00
3.276414765540500706e+00
6.547503231918546440e+00
5.083402725227172958e+00
8.340912852912389930e-01
3.101289183914250014e+00
5.113802165259319743e+00
8.548941812530806983e-01
2.917839663013643392e+00
4.247647084827578468e+00
2.941105696263856650e+00
5.489444823993872014e-01
1.937748965567476001e+00
3.662340976963677885e+00
6.135742546988824930e-01
1.198275246362651592e+00
1.509200228356589735e+00
3.869118119976633352e+00
9.261425426866786159e-01
1.292445248223456966e+00
6.210986815144257100e-01
6.073957942189619708e+00
1.888100590102060661e+00
3.636221992890815269e+00
5.075171788814801799e-01
1.270501700765820141e+00
3.383679575828246744e+00
2.206019131363589292e+00
1.223512920527578096e+00
2.765669919408003441e+00
1.635076379221982013e+00
1.711133668996008605e+00
2.279573450190941930e+00
3.344999357197070422e-01
8.862855760740389055e-01
2.401139549667488993e+00
4.493574416185455722e-01
1.273235172318412767e+00
1.335379328255521081e+00
1.050677797722524565e+00
4.725541135300098006e+00
1.341573856969067835e+00
2.950739938824192166e+00
2.398655664365274554e+00
6.822213730337874926e-01
6.116928279272556557e-01
2.854703703246073143e+00
2.120111496444935018e+00
4.497022052636697076e+00
1.250153824532666214e+00
3.896482185388298713e+00
2.134232369386388939e+00
2.327829321772566296e+00
4.561580108926084343e+00
2.016285703143427366e+00
2.060443134014266153e+00
4.276581124924075383e-01
2.281751441309350092e-01
2.488818314311379343e+00
1.071153159094302865e+00
1.693032328097814343e+00
1.428591696869249139e+00
2.682181402398910119e+00
7.550578711647109031e-01
1.771054875604096468e+00
1.336927322295358378e+00
6.461035012771833008e-01
1.571555277306251330e+00
2.243086740921483191e+00
4.380601153375680568e+00
1.210486608891679472e+00
1.853987599714527201e+00
4.195003476999587200e+00
1.244900708943434964e+00
1.053706292255891297e+00
6.960238147283901444e-01
1.906046292240697770e+00
1.628276724289600574e+00
1.934175234359926998e+00
7.588772016910967123e-03
1.263779355431411622e+00
1.400835774035964709e+00
6.427894638991102028e+00
2.722526641894941868e+00
1.557443661791592771e+00
7.422731898333337908e-01
2.532392098014552673e+00
2.532644912369719226e+00
9.434977699535135320e-01
4.734603935766807048e+00
3.111753664270637376e+00
2.190831741354412276e+00
8.643715366728947913e-01
1.671376971943693723e+00
5.143747890990753024e-01
1.050840297854869654e+00
3.231776940312518498e+00
4.241038407650752906e-01
5.252490236391109679e-01
1.832006868153059242e+00
1.367903527219594517e+00
1.757058638376322479e+00
2.118759661444735709e+00
1.166645714831869629e+00
3.386506320733912556e+00
1.428150403973044824e+00
2.071092560905574587e+00
2.054407526741771850e+00
2.295084842110437062e+00
1.287875240173154801e+00
4.005063557287585896e-01
2.181281066529558110e+00
9.317541670694503564e-01
2.551486217134935064e+00
1.819991915025478191e+00
1.658765439851769719e+00
1.469419143768131653e+00
1.514742303128000955e+00
1.021128492419751455e+00
2.629851339432489166e+00
2.061748575011915996e+00
5.397095850150777085e-01
4.737406280723382435e-01
4.770328104716701767e-01
9.430420024440449023e-01
3.890405898755522340e+00
4.233333881412781885e-01
5.170199421523490324e-01
5.575933488479910549e-01
3.746412929952386839e-01
1.139360089548797195e+00
3.135821924491857260e-01
3.864815971919775883e+00
6.285732837558554165e-01
2.686906164035820055e+00
2.124840152849179209e-01
2.735961218718231613e+00
1.882638840120653301e+00
2.964779766214661105e+00
9.523166720156066578e-01
2.586662294754525249e+00
9.127063141590917583e-01
2.835637609392930969e+00
3.692331201327689438e+00
2.707824516633296597e+00
4.146549743953019451e+00
1.503871558039758582e+00
1.365822184424745567e+00
9.430167900390122870e-01
8.182384008903739181e-01
4.627374330503929989e-01
2.437500517371000264e+00
1.174271911248326417e+00
1.430163620193356078e+00
2.316338411086209526e+00
1.485958538512968330e+00
5.430446969184828276e+00
1.537308565670135518e+00
1.327773581168006478e+00
4.064391573752462072e+00
3.507559297413361810e-01
3.194279243296604065e+00
1.247317854998725384e+00
1.623551280259931229e+00
1.909661769760247818e+00
1.282552701053454758e+00
1.435203504724222201e+00
5.340360981405413154e-01
1.208723516588753766e+00
7.108974936033168879e-01
5.980744447946263698e+00
1.200298421522740577e+00
2.696101111225002178e+00
1.187541637063136868e+00
2.700501463390508672e+00
5.084295689041603339e+00
7.034892013775422281e-01
2.269124155097449691e+00
1.948336139536712697e+00
3.595000696341025037e+00
1.847203891552606114e+00
1.121485814905986311e+00
2.176041402434433003e+00
2.908408495121292070e+00
6.749965070895611596e-01
1.258603191654656728e+00
1.811932784412037867e+00
2.012839795177266744e+00
9.209783806896798541e-01
1.542483922481373115e+00
1.404245599992023141e+00
1.317947853886487275e+00
2.003944334117941484e+00
1.458547829308342703e+00
2.001970698208257904e+00
4.535223694951131534e+00
1.071884470072039131e+00
1.655511034772606305e+00
3.272520398380650342e+00
1.713497561001620539e+00
3.022661294176320457e+00
1.393528382673136390e+00
2.369374649833906332e+00
2.795216480343725163e+00
1.542391837393451093e+00
4.960451845770696089e+00
9.264221936301377802e-01
6.218568752588834458e-01
1.832423168860255913e+00
1.018263556488426369e+00
1.873894777421560853e+00
1.922826994928739985e+00
6.238325481774752435e-01
1.883916068581607872e+00
3.196834241771883689e-01
3.680372931972194284e+00
1.051831319033975198e+00
3.556880624491914666e+00
1.858165256313540903e+00
4.779650796314489192e+00
1.753073876447973412e+00
1.839345003864126804e+00
5.103320099652368658e-01
1.279673429380611349e+00
1.804650370950303007e+00
1.743585694649379292e+00
3.453093926168614214e+00
1.616406567556021967e+00
4.324230119450002796e+00
3.285128691735056616e+00
1.454807284401409939e+00
3.210294521576834814e+00
2.590028257712082116e+00
3.292116454587378893e+00
3.307041891912134268e+00
9.519533336235490584e-01
2.836253429654081781e+00
7.067564557897944022e-01
1.366992035413105766e+00
2.567761874243551290e+00
5.765850483509903590e+00
3.448462883402981571e+00
3.382158155944975153e+00
6.587868739766088666e+00
1.032887530519266850e+00
8.123684099023814609e-01
1.356584476306099463e+00
2.420514570798928844e+00
1.632150800487040643e+00
2.102145483374394885e+00
1.489923870599864753e+00
2.838257965102999325e+00
1.758198788505610288e+00
3.881770625539333608e+00
4.058208456191387370e+00
2.937539486221074081e-01
1.377262119668348106e+00
5.608630843263496146e+00
1.195710341678358990e+00
6.193579722119713082e-01
2.513606027332130566e+00
1.867820487744483060e+00
2.481718328711847388e+00
2.090421877757164371e+00
2.001589715371746792e+00
1.014819834450173319e+00
1.256597671683489015e+00
1.152227571749782964e+00
2.258438160219857327e+00
2.719854954294211424e+00
2.543031044675569508e+00
2.343186010051970580e+00
4.245350063284494269e-01
3.240372870075774792e+00
5.194559606566879317e+00
1.664247621356277351e+00
2.622868236369332973e+00
1.128033757361845302e+00
3.791177866234930249e+00
3.663072518657466831e-02
3.426205361863534082e-01
1.512030545585636210e+00
3.096385926150900580e+00
1.514387638673456937e+00
2.695330895400684934e-01
1.577269113758827057e+00
3.460942013811207918e+00
2.150246471111589841e+00
3.965963387770490844e-01
1.674462618457548402e+00
6.910115005601290550e-01
2.408453519183519465e+00
1.791196386044506594e+00
1.383023758868962672e+00
4.042286694492482013e+00
1.961933305291152951e+00
3.869631821229144730e+00
3.267610267897655518e+00
1.281872584963926087e+00
1.460232985890171475e+00
8.665949928563095872e-01
5.478725288554429085e-01
8.389595632815198822e-01
2.698047040293300558e+00
2.548026121244832520e+00
4.048255458534910645e+00
1.985419297773037162e+00
4.720127311864285247e+00
1.894113038052884113e+00
2.048001395139367187e+00
3.144419309335675816e+00
5.038923622353750353e-01
2.033067221267145452e+00
1.230781238712450820e+00
5.690913549901908119e+00
6.225872012710120806e-01
2.054824459247124313e+00
4.692592954034349617e+00
2.542260969552889271e+00
5.808049548158049635e-01
2.454660641035041557e+00
1.185624503733057722e+00
1.003717352513694427e+00
1.222931101467182202e+00
1.708855305337791952e+00
3.210911948928061310e+00
2.535888450990352538e+00
1.381985555122223541e+00
1.339403256213863802e+00
5.727841270940937646e-01
1.481266693408110902e+00
5.772292366686376575e+00
1.731189859758789362e-01
2.568443646844710937e+00
3.406959027062949730e+00
1.793591614002187695e+00
2.929231741984359871e+00
4.513502638867487704e+00
7.386756332835183736e-01
1.634523044571109862e+00
8.853986916316322064e-01
1.161051140258092529e+00
3.503265643630518511e+00
3.095550042035838167e+00
5.638738901244543245e-01
2.894606377673471620e+00
1.472846911894920341e+00
1.374691653153110593e-01
1.728085951690114586e+00
9.340541342976573791e-01
1.001258738290819350e+00
1.456992349749063109e+00
4.812687415701973670e+00
1.382095158437942395e+00
3.921607750356961297e-01
1.716426314350335325e+00
2.616536123195866370e+00
3.070641284903861123e+00
2.164066548908653242e+00
3.101700050392803831e+00
2.494044414390492292e+00
8.829635289283407351e-01
2.065635776476623331e+00
1.939370893517166072e+00
7.900208698825423870e-01
1.631468781674336510e+00
1.543211219942798085e+00
3.470341975643915333e+00
8.137339645437179358e-01
1.716795985518650980e+00
7.175628246555429968e-01
1.363131441097127805e+00
2.876745553013998702e+00
2.728127308066866874e+00
5.644392478110408895e+00
1.007852089518548100e+00
1.470509177322267380e+00
8.160652800304282195e-01
9.851223321222065676e-01
2.086674296633880932e+00
1.874762896950559199e+00
2.874890623846908966e+00
5.837336683246773239e-01
2.225808116901894618e+00
2.829722875834137508e+00
1.385989856484410421e+00
1.183666654977363564e+01
8.712641138833797372e-02
3.541633835982568090e+00
1.050540291506750545e+00
1.589407341642804061e+00
1.073687620649513175e+00
1.493962219549906045e+00
1.599425354582391323e+00
1.475409693027290192e+00
3.083181459137407820e+00
3.094918555385001824e+00
3.596062469597317346e+00
1.049447925669314774e+00
2.403314037903212519e-01
3.531527649995094276e+00
1.517081184063348909e+00
3.272740208710620990e+00
8.702951775406192469e-01
5.107859297902451745e-01
3.545265553030433892e-01
2.118726929475468479e-01
1.418390886378530502e-01
1.621121472223743032e+00
6.854041650170423772e+00
2.153103063800668071e+00
1.369282518747663158e+00
1.729549226886119895e+00
3.726048241860780763e+00
1.256283517092770419e+00
4.342891781706320620e-01
3.438997850218003638e+00
9.229054055660544931e-01
1.593573556598900876e+00
4.552780497141542537e-01
2.878890919040519858e+00
1.653748090053859698e+00
7.959668722246419081e-01
1.055471125039570301e+00
1.666569164133040681e+00
7.382603807806497054e-01
1.893427135091415359e+00
2.391160550526759909e+00
1.087031593824433928e+00
1.398139875730296300e+00
5.410150137911549528e+00
3.190572012909157262e+00
2.207293273072394424e+00
3.427932460776700108e+00
1.482323752175773057e+00
5.467090810116072008e-01
1.129771291831975777e+00
2.858792093013609481e+00
2.527554049916528323e-01
1.803979744552219655e+00
5.609537703187407187e-01
5.329534628937113716e-01
3.337394816852448098e+00
1.118274605444815162e+00
3.485450288835655108e+00
1.180017113631033787e+00
5.687766307739658966e-01
4.323433005514355720e+00
3.104207402453595943e+00
1.697022687199273294e+00
1.924484123603189989e+00
7.678270072874550101e-01
3.007015401877622285e+00
1.204505172696990201e+00
1.178019227455971984e+00
9.233673249251782567e-01
1.847055177853971664e+00
8.397208650468977353e+00
1.598410722576506293e+00
1.732347274042795204e+00
6.056326226767158039e-01
1.227318204339113761e+00
1.870152820426947970e+00
2.091513998479404002e+00
4.903322121064369599e-01
4.640224236674552749e+00
2.130882324808172079e+00
1.445403417390114464e+00
1.464450430414788507e+00
2.131267856401072969e+00
4.496431419307279853e+00
8.127614488923028402e-01
4.275080810864235303e+00
3.266110308423140207e+00
3.315510416984938757e+00
3.501750260716948171e-01
2.578306258655623795e-01
5.401410052232634484e+00
1.743386560592584678e+00
1.884271837747050204e+00
2.752508359220937173e+00
2.711328809609813373e+00
2.079583043571778589e+00
2.437707095472798180e+00
1.994298069198136458e+00
6.075048834365944783e-01
2.186361741987676410e+00
3.368779617676828764e+00
1.409927002020161968e+00
5.281243138065310205e+00
1.361198450139799787e+00
1.537944204921003255e+00
1.175897623243617046e-01
9.670970972030211721e-01
2.084567347287978656e+00
9.473224447940807869e-01
1.248435492923619439e+00
8.312389916454540062e-01
1.088187193064377167e+00
1.062795424788604892e+00
3.110408161880719558e+00
2.280456668601313464e+00
9.092711028254348848e-01
1.696604425767894497e+00
4.060000193647303135e+00
4.271940034332342706e-01
2.377766091651115410e+00
1.439528637376379372e+00
1.245874292879254996e+00
1.389268409938997584e+00
1.278324471344892466e+00
3.346051806529100059e+00
6.035750995649205031e-01
5.152509201208098633e-01
8.523642349201471236e-01
3.697041917455785587e+00
1.801121674850135745e+00
1.179396162964049699e+00
2.354553359912677113e+00
2.654797785958110445e+00
2.079286929382627047e+00
2.508333520151324159e+00
2.326568822250072444e-01
5.296761181450442280e-01
2.163156731902503349e+00
5.559785030957626883e-01
2.445480123173147557e+00
4.256671139161515072e+00
1.605445890296472555e+00
6.034668545818110408e-01
1.774100078643189304e+00
1.604190173516827134e+00
1.338869922240356614e+00
1.698119203008384037e+00
3.062762082162373112e+00
2.584356076498665722e+00
1.175922180162567887e+00
2.648299833117951363e-01
2.605792687040008326e-01
1.477566040794415336e+00
4.784689223565185556e-01
2.098612966616944520e-01
3.464637858880718735e+00
7.467846512332525499e-01
8.748023600423571189e-01
2.512062214878462818e+00
2.358006559113456024e+00
2.310571113352326289e-01
8.262738692691365960e-01
5.024357662890434062e-01
9.241096210399062372e-01
2.200081971733006014e+00
6.293801139045272386e+00
7.997319638923192642e-01
1.231299945307810839e+00
1.881053626435842396e+00
1.832242834298344336e+00
3.706436167333279741e+00
3.204081739609392354e+00
1.942778480402062025e+00
3.495692642821469409e+00
3.725952899771411531e+00
1.418377767234125564e+00
2.875260691200447027e+00
2.669726837864009994e+00
2.763903688175827877e+00
7.636431789254439773e-01
8.613027348980433207e-01
4.251292135573616626e-01
2.104422624634376238e+00
1.103298989661249063e+00
2.018281312736860400e+00
2.222213798443230637e+00
2.979652604256994852e+00
5.716342700496586104e+00
1.620380409526783472e-01
2.120451467346617935e-01
3.006424328151012126e+00
1.954056175253007677e+00
1.585305012693033255e+00
2.292404396318400650e+00
3.081467485175988674e+00
2.152816863617182719e+00
2.154091977025487381e+00
3.879310596609881756e+00
1.462998450716655352e+00
4.721388883995786934e+00
2.812180443725200707e+00
1.666265564756076234e+00
5.591613770145010820e-01
1.881960324030228282e+00
1.447254368131466240e+00
2.148636457749068640e+00
2.063306837849565145e+00
2.602535805829111926e+00
1.353777004552652929e+00
2.865898326842779120e+00
6.660522193727613782e+00
1.268799270108385890e+00
2.839648834742422023e-01
2.736127117274100407e+00
2.115324700680530690e+00
9.650188663083416607e-01
4.640604451336955982e+00
1.945376103856847783e+00
1.814970427421535915e+00
4.513015300850820033e+00
1.871173668588454797e+00
2.567553872936391812e+00
1.167255714425717628e+00
5.996908766953534808e-01
1.626440499720452015e+00
4.759847883070585928e-01
7.215972342218439195e+00
4.848353193494350677e+00
2.368416338223713780e+00
2.695681657287532396e+00
8.322958181685866652e-01
1.299955806556244653e+00
1.782213497152031367e+00
3.721454633949597746e+00
4.189543400708132026e+00
1.447387476030085551e+00
2.463515837893996974e+00
2.029716148479385307e+00
2.640538367011223908e+00
2.154209670941247268e+00
3.335502685606956508e+00
3.751011020699242859e+00
3.535493301702797853e-01
2.362163328397071993e+00
2.954061043906481387e+00
3.439348227016222115e+00
2.178763906910565318e+00
1.443245468750662175e+00
1.985737717464766128e+00
1.629576205846823944e+00
1.620232082759549108e+00
5.247708277505948260e+00
5.051566072227837267e+00
2.699682994097944988e+00
1.190888231855989687e+00
1.155953999407066890e+00
2.160592111422429351e+00
5.182237465583952041e-01
2.161677638512258692e+00
2.315202460555546793e+00
2.272824364807811415e-01
6.000381745091021291e-01
1.001788202501210368e+00
7.894376349938508897e-01
2.526095663504356548e+00
2.869118302487316363e+00
4.077669006530094897e+00
7.720097737559260542e-01
4.207508033830849037e-01
4.047346308200344467e+00
3.297100979525280362e+00
2.258202335572791597e+00
9.761992610305758600e-01
2.201801913054801219e+00
8.897346250556802394e-01
3.186815974131269602e+00
2.094556572466572231e+00
6.405697343804993560e-01
1.554186544610049792e+00
6.340841959501128944e-01
1.570289557135763125e+00
2.590387265149868945e+00
1.472744183881345315e+00
2.904528412123164038e-01
7.078123643401876830e-01
8.185271198657440017e-01
7.943614931032417781e-01
3.520904020730960315e+00
3.151033835601002142e+00
2.321373762984435096e+00
1.996106226246500137e+00
1.876729010231643402e+00
1.208807029238041952e+00
2.012270080476048051e+00
6.257939655271433921e-01
1.039742519764643047e+00
4.570120358329336163e+00
1.900039601457351068e+00
3.393798258562945591e-01
3.626412031564050231e+00
2.125171516249801495e+00
2.038624693275577382e+00
4.355938467615696474e-01
2.972625481180761309e+00
2.389606708184818906e+00
7.202228190489770032e-01
3.458443767375226074e-01
1.809786176327035534e+00
3.348292744682169531e+00
4.034959885010798608e+00
3.597639054882823650e+00
7.482714603380091756e-01
1.466802231192478434e+00
1.236549478610604158e+00
4.853588204334999823e+00
6.343460484054589399e-01
1.822050505160382805e+00
2.449601483562661830e+00
1.423166460732470107e+00
2.655976626001889329e+00
1.851941726990211423e+00
3.902685161295460503e+00
2.488680757677181443e+00
1.443430554517844966e-01
1.124943561012833104e+00
1.988604094741457384e+00
9.780363769985416234e-01
2.428642505629377890e+00
8.215343458158710366e-01
3.093494592080652250e-01
1.237321674657384962e+00
2.431505180726041271e+00
3.863795549517794470e+00
2.024126417947184287e+00
1.219217182502603247e+00
3.688969738028115675e+00
9.983546225107186034e-01
1.259725813359900970e+00
6.014161994057352523e+00
1.581032186816658580e+00
2.930387297820709946e+00
2.069483217601408853e+00
3.626787100470036940e-01
2.524006241601737255e+00
3.996533674527256164e+00
1.580286187641021689e+00
1.481447805489268355e+00
2.168322348798528143e+00
1.390894411986638213e+00
6.837125305084577054e-01
8.177507641346337675e-01
9.563298220942773042e-01
5.884056315841028617e-01
9.525917109577852759e-01
1.755024886192770861e+00
6.247428886440286044e-01
1.145607159772701555e+00
8.355705131116335505e-01
8.352576180949613516e-01
1.070059636013954041e+00
2.034195249448060405e+00
9.042979677238865976e-01
2.929744564793662853e+00
2.205563498746987872e+00
2.822513312481011560e+00
7.919739718283204111e-01
2.477696811938567389e+00
9.012705190439553871e-01
2.999360405440265609e+00
2.816524790625177577e+00
1.075548457169169581e+00
1.348964535243531548e+00
1.731617888245492232e+00
2.754265483776496271e-01
4.784167268202336731e-01
2.430017112086072739e+00
1.306292482002314959e+00
1.428381528857401994e+00
1.420160132517404916e+00
2.658585996780706395e+00
1.781811670832130767e+00
2.854961986142416031e+00
2.307017458162273993e+00
1.970771124851391276e+00
1.340676892879718363e+00
2.790846702179122563e+00
3.315649203502977205e+00
2.407700083358181420e+00
8.516967810955549112e-01
2.556680357920492863e+00
2.453234704774911012e+00
2.853256565891503449e+00
3.424921737781066788e+00
1.938498339928082403e+00
2.583693400825310960e+00
7.645542496107817776e-01
2.611500014048479645e+00
6.050829205404249400e+00
1.252919833523918225e+00
3.939168680319248050e+00
3.267959475577250084e-01
1.885617611317106146e+00
1.073340794102619400e+00
1.123987215848741616e+00
6.192636708376239030e-01
3.355809245175010780e+00
2.699527201671388266e+00
1.325945999554292376e+00
6.985188371553762821e+00
1.526100310143327032e+00
1.772651208447334259e+00
1.280459519944762592e+00
1.984530573608815240e+00
4.452275703094502823e+00
1.745256903717864239e+00
2.125984761838170645e+00
4.768074275791836847e+00
1.240428730528675416e+00
2.460906134570059134e+00
1.815378025657938599e+00
5.340554865355922054e+00
9.006096091436249784e-01
3.603181180319250387e+00
4.574670456534314589e+00
1.283339334094460549e+00
3.670295735978012619e+00
1.572246708161375350e+00
3.308308714663254491e-01
9.123794738543463678e-01
3.017357286717321951e+00
3.315372746364812606e+00
4.928407527344601746e+00
4.133051270371666530e-01
1.613021529918207353e+00
4.594571405749428017e+00
4.813513587199616417e+00
3.091071355113833019e-01
9.033940125259480869e-01
9.190742759316039567e-01
6.107805821043309491e-01
2.098282691471063721e+00
2.061517192905849782e+00
4.665478270313523357e-01
2.491349862961834027e+00
1.301535649990475330e+00
1.400861939309154813e+00
4.307421550466218996e+00
1.005334087116257935e+00
1.294750341362689294e+00
2.823295469374169198e+00
2.993117695257743183e-01
9.508240483797403275e-01
2.431359403108549255e+00
2.615531781433619418e+00
7.377825042798170641e-01
3.213137778805470912e+00
2.289889376764256412e-01
4.613480172486085218e-01
3.508473040233423657e+00
2.728703512539603526e+00
6.178405278842244996e-01
1.692569384394494891e+00
3.674872591370437203e+00
4.925601203510136195e+00
1.329342219377931178e+00
1.810439167019647133e+00
1.842246928537767170e+00
5.749536168848107254e-01
1.452594435637258652e+00
2.977265388680618852e-01
8.233898588715193867e-01
1.842153130236409142e+00
1.391355425227638554e+00
3.235203230825089427e-01
3.345090474527713909e+00
1.236806925499233323e+00
5.707891830608086359e+00
4.462438091445654287e+00
3.392273040401175610e+00
1.196326266631107638e+00
1.131123425675465199e+00
3.862143046798140578e+00
3.579357101564195176e+00
6.440611274194617542e-01
9.149476502523601340e-01
4.810649452580497254e+00
3.640894125142027704e+00
1.054183823656097418e+00
3.455109056824646530e+00
1.037660091957979036e+00
2.150102926099896727e+00
4.286160911462837397e+00
3.994927010070645323e+00
5.643411341267877690e-01
1.380538534497887326e+00
1.698257486065114508e+00
1.197660022840667304e+00
3.134170666172006570e+00
2.236854502081503160e+00
5.016043314063379777e-01
1.939757814452440554e+00
2.547174833339741484e-01
1.044316498836681095e+00
3.233738285504177856e+00
1.008737542009591343e-01
3.279214385149245015e+00
1.053556570121142899e+00
1.869357068635391084e+00
1.757880891015979774e+00
7.821815757315446760e-01
2.642236583262726146e+00
1.475197014415562169e+00
4.957801477317058114e-01
5.329443729192448131e+00
9.787212507180398369e-01
9.557115113777098214e-01
4.478788006921358367e+00
1.467576734168310804e+00
2.380458566186474112e+00
1.868577187613345458e+00
1.501302825091415993e+00
3.396212949365765343e+00
1.068527603493819589e+00
2.577754457934525512e+00
2.636901978925256351e+00
4.386690969771686710e+00
1.077718368233154145e+00
7.284729013998866298e-01
1.130285745812834364e+00
9.506245236711051705e-01
3.233583743946032207e+00
4.406380801547147841e-01
3.802094469700494361e+00
1.694520272697890739e+00
5.347516354323396115e+00
3.935091063536377831e+00
1.496597843308304254e+00
1.983357719933647179e+00
3.477679208853868609e+00
1.125978779173874678e+00
5.595296987557513368e+00
2.256699753888320004e+00
1.178954747115261048e+00
1.257928574126957466e+00
5.156910809751222846e-01
3.367305171203904823e+00
2.596782056917523174e-01
1.646359261191398859e+00
3.231162585012263389e+00
1.422352486819923101e+00
3.281017501815678639e+00
2.018795021799479616e-01
5.892765193243941546e+00
8.253040007798458921e-01
9.944334000439229992e-01
4.364704030272924307e+00
1.135645484343106082e+00
2.072428201052916918e+00
1.949849350481766885e+00
3.156645517787492472e-01
1.743032378318768449e+00
2.627168116236899831e+00
1.929289372308619077e+00
2.720716320224601414e+00
3.874950634954065776e-01
1.919395631805246305e+00
4.225712445283709151e+00
2.599825101863194821e+00
8.923488199348741379e-01
1.642626697649161027e+00
1.195610775574704521e+00
2.203133568592892944e-01
1.703222862008851646e+00
6.235139510028305798e-01
8.658883990955589249e-01
5.058104675244705639e-01
2.927899354051020531e+00
2.481121821234653080e+00
2.712566039271797069e-01
1.331671010028123936e+00
1.648640408404231206e+00
3.902072743631655793e+00
2.030327480733490564e+00
1.274933110168612105e+00
1.921046679685152636e+00
4.405812426624462930e+00
4.704709510558959806e+00
8.393106592636255803e-01
