8.287387933988776823e-01
4.994690893167171630e+00
3.565956996103984089e+00
-1.258942783618399730e-02
1.842799496062927256e+00
6.302873074194302205e+00
-1.853358486786148340e+00
2.142174742287645373e+00
5.531872517411068557e+00
1.266519195469796522e+00
1.642227696755891309e+00
2.810582062126217640e+00
5.982779252248575652e+00
1.722196006630698051e+00
2.112036080707869079e+00
2.131297448762965452e+00
7.411860165450911531e+00
7.373572177947573358e+00
5.008107795757753777e+00
3.772372798349711953e+00
4.474737151792484546e+00
5.981464056301597942e+00
1.128332263195217289e+00
5.351658089564207188e+00
4.922386645019751761e-01
1.724496995093179441e+00
4.814210391600602712e+00
1.426385995480621283e-01
2.719862559622667764e+00
1.276490208280629091e+00
2.488761258938806176e+00
-2.597178210921448738e+00
-5.430662090196940461e-01
1.600245530804165428e+00
4.854924863517164901e+00
2.652728634419568188e+00
3.005691831793622093e+00
4.376445422204570335e+00
1.240927313981896152e+00
3.567254647614582108e+00
1.389266963868768467e+00
-4.553389882412144374e-01
2.218200412489798268e+00
4.147611724810115419e+00
3.677178101999603044e+00
2.976339011042360649e+00
7.784730531875451831e+00
3.825824320617557728e+00
4.957472011874693330e+00
7.476286676995905545e+00
4.118293536775023966e-01
9.224235795900930235e-01
6.487424450245860896e+00
1.403874529517874947e+00
3.059366460606660620e+00
5.138631938848696734e+00
4.781412782586341947e+00
6.509772363962218478e+00
5.991288274066938868e+00
5.138785339411473529e+00
1.454582571505617095e+00
4.589725335586436472e+00
3.628543989013734095e+00
3.474690801190880585e-01
5.834598092953704906e+00
4.614473069157132734e+00
3.090980161262194326e+00
2.533815878031172808e+00
6.033977105984260625e-01
3.399048147117265106e+00
3.936878238891288628e+00
1.337690031513441680e+00
5.324408098199058692e+00
8.055939070339315222e-01
-1.246200700084883373e+00
5.079454181785401090e+00
2.193267923795784835e+00
2.747940829373969773e+00
1.324966554349893411e+00
-2.119255214348054750e-01
5.510474749448436960e+00
1.622262032306156954e+00
6.321904976295879663e+00
4.614616372421457058e+00
2.370483706565080340e+00
8.281951977462669312e-01
1.535076026559085927e+00
5.749537378096607476e-01
7.174226719176370892e+00
3.328882460459650083e+00
5.300411085093264418e+00
4.652959019795450679e-01
3.362070259194007704e+00
5.355723877617156958e+00
2.329978476133968357e+00
5.062228917843484055e+00
8.308641759884669575e-01
2.730569107628313397e-01
3.758801224156272269e+00
2.241647130854895753e+00
4.284109378543663027e+00
-9.557758630408978995e-01
4.424529270941036430e+00
8.196607854538630278e+00
2.950748037137038704e+00
3.068284257819683170e+00
3.359098969277358293e+00
-7.239514215835742839e-01
3.852293279380619939e+00
-2.108194880319294029e-01
2.144640803752391189e+00
5.485739099207473934e+00
1.529566087799847152e+00
4.002497979134799877e+00
5.025478107912741521e+00
3.557481712191999712e+00
2.581030598107845186e-01
2.335049449297172064e+00
6.918822684776571919e+00
-1.050091525994941932e+00
2.448427972267649189e+00
1.895783857023784380e+00
3.241494726194277476e+00
4.496431234374460573e+00
6.217381936044106716e+00
2.459535215981683898e+00
4.624682659953641028e+00
3.999480289730345639e+00
3.948694595743600821e+00
1.872152136947055068e+00
1.005357062448198668e+00
7.999137747586058111e-01
1.487125581201753421e+00
3.643373151732453241e+00
4.521898786256659086e+00
3.646937695713790450e+00
1.902089807608518202e+00
6.611940219864949952e+00
6.037731247263080192e+00
2.291999774499653419e+00
1.353137188028668225e+00
3.260429908315939151e+00
5.534597290108705714e+00
3.665529954508234045e+00
4.113097409820088757e+00
2.575839755448748658e+00
3.912541790404461484e+00
6.089088902912276779e+00
2.520662437044578486e+00
3.286615465015745308e+00
3.507632953099254713e+00
3.567450711542074604e+00
1.762222478575452556e-01
-7.537373117477890183e-01
9.606898581563214634e-01
3.335884590803336103e+00
4.107712332006422606e+00
1.938650880452751801e+00
5.754514965734613519e+00
2.713648051347625767e+00
3.040631996469249199e+00
2.612072258894674981e+00
3.268053585493330360e+00
4.408948148087207031e+00
4.331306875824662228e+00
1.203154118780819681e+00
6.047327552957055374e+00
8.099470851461649801e-01
3.158454028181224782e+00
2.451206852955294835e+00
9.020166453630253933e-01
2.849758824052337047e+00
1.518372453415203216e+00
3.145814486552104494e+00
3.806171922438734256e+00
5.943858737946543513e+00
3.614768437254828992e+00
1.777549319390350213e+00
2.216760378560796774e+00
3.279956212229127033e+00
3.186921658924302569e+00
5.919178536456842110e+00
5.790705859513909814e+00
2.282128147515477323e+00
1.902715743627603429e+00
-2.114109208135716678e+00
1.902159173355559840e+00
1.043884587831432675e+00
2.290351083810362454e+00
3.783168484700222045e+00
3.354384658397975727e+00
2.940063985904915356e+00
3.399164222177027295e+00
2.747764453538016571e+00
3.394037865086952266e+00
-3.462110015838624655e+00
2.461413020498491644e+00
2.778298557893986054e+00
2.317476567586828295e+00
2.564107475794116464e+00
4.406620235613460501e+00
1.803789337318349117e+00
7.401404198434256010e+00
4.376593860444176975e+00
2.987385498172255627e+00
2.586675393604866979e+00
2.826955427235729790e+00
1.169385860112042597e+00
2.809594921483981267e+00
3.557367033454108984e+00
4.159083231146459170e+00
4.159379558288667234e+00
2.450244906868130457e+00
1.678354949561393639e-01
1.661794747533108962e+00
6.224386085624775689e+00
4.792116626819895586e+00
3.739239172608348039e+00
1.477411510479752277e+00
3.007290309947555862e+00
4.886626286750361814e-01
1.896126248607852727e+00
2.509593316629609827e+00
2.276720136269573924e+00
4.913203862112023756e+00
1.625481719290950977e-01
1.269135456969691766e+00
2.506240579555614190e-01
5.252935746242921589e-01
3.248111792893297878e+00
-2.008810661125433050e-01
4.507737557675273621e+00
2.506368446117849036e+00
3.137576665051954983e+00
3.645153475994407533e+00
2.131666959496818059e+00
5.064959431506755649e+00
2.611314546544730053e+00
4.188140510478140399e+00
2.601775234485495414e+00
3.581748774849846662e+00
3.559325340315922848e+00
3.499939878911062063e+00
1.051384300758160917e+00
3.871751541094879734e+00
2.362086021800808400e+00
4.260976060979835722e+00
-1.304986888824608116e+00
6.976755589009808745e-02
3.726891124270057531e+00
6.725855170210457423e+00
4.670117493622472971e+00
1.635098131600039029e+00
-3.841048307559118413e-01
4.485372442323236619e+00
2.838833555914098472e+00
4.181408435788770639e+00
3.230597444421582143e+00
3.059285850240990534e+00
8.917250891786352440e+00
2.987740077908842107e+00
2.681509581493470407e+00
2.757102649191955912e+00
1.832926566584686112e+00
4.980265789430625034e+00
2.292491332437301743e+00
4.271885411289178869e+00
3.569206059627112904e+00
5.437971724264852647e+00
3.840359193976722540e+00
5.732304381047055308e-01
3.470244298921185688e-01
5.816738292153802448e+00
1.782578393471116351e+00
3.587948404206957598e-01
1.660762800260483285e+00
5.529250573936014490e+00
1.595740021029756761e-01
1.267009592480780933e+00
1.666384982406961202e+00
4.976202530536095736e-01
6.313453229766725627e-01
-3.621595052731718667e-02
2.077625173726556085e+00
2.290182336519829942e+00
1.634923691593388240e+00
-3.073956779352822188e-01
5.506671893711990506e+00
3.418423416556790606e-01
3.556067424045742165e+00
8.504668137622495294e-01
4.336633733483055586e+00
4.911664710334329165e+00
1.244772826744689587e+00
-8.474314593942517959e-01
4.391574638279215570e+00
6.751601093427270328e+00
3.831389079784868201e+00
3.321088842959436072e+00
4.639521219220378079e+00
4.530109691994035792e+00
1.342022332477979418e+00
1.681697378606704651e+00
4.222247100111822249e+00
2.711973305039414583e+00
5.633211191727104605e+00
1.591315705742483377e+00
4.501219833736962883e+00
3.685275962738455480e+00
2.747124872580731125e+00
5.351821543669213810e+00
4.360143065734859213e+00
9.900656932357918549e-01
4.280437360839694172e+00
5.749981262988398178e+00
2.739110622030752396e+00
2.502688299230053204e+00
1.660705704712950759e+00
2.972792228649297819e+00
4.372401372105819917e+00
1.364663400842504704e+00
3.072848785255199999e-01
2.248500178036147545e+00
2.405500426825000204e-01
4.046436882565263460e+00
2.146620460012397924e+00
-5.108036891016132230e-01
2.302784970522980146e+00
2.614770028411819158e+00
3.898271226719433713e+00
2.709272913691579188e+00
6.737452913679616628e+00
1.962592296922001101e+00
2.875202902835386709e+00
2.794178771474658873e+00
2.434743231185953150e+00
3.284851170025880229e+00
4.082462594395344979e+00
5.680197407072869353e+00
-1.385122547889268141e-01
1.979314252387758488e+00
2.104457149295513751e+00
4.875700594723411996e+00
2.286673877853312220e+00
-7.903511861586376419e-01
3.175460927733152694e+00
2.932621536918121663e+00
3.359503131542630250e+00
9.196742380410358741e-01
6.438069362169006382e+00
2.352280432429307400e+00
2.623406283012666318e+00
1.199982860381678451e+00
1.137995992250552701e+00
5.545260805024292416e-01
2.213378296437686465e+00
1.084836322486731897e+00
7.112934682450442914e+00
-7.769847607736304340e-01
7.433389036364124181e-01
2.197171143085970613e+00
4.346982556196649305e+00
2.172486237239874995e+00
4.351926786005955172e+00
1.026392221419356154e+00
3.118582267789413720e+00
6.488082174021666759e+00
1.064511208601044201e+00
3.839135351790789130e+00
3.413855038566520061e+00
-1.503069971975739882e+00
1.822058907058642374e+00
5.262303810611978605e+00
3.270155344969397415e+00
5.754620742078726536e-01
4.381554545831285452e+00
2.041754109371294756e+00
3.720101456161673426e+00
3.753840228875261253e+00
7.626087977088542580e-01
4.579656069468597046e+00
9.849823975296478906e-01
3.884282673167200883e-01
1.234342024555926010e+00
2.307819932273611041e+00
3.218806312882524612e+00
1.454832535255119907e+00
4.489638624790231347e+00
3.502928368087188549e+00
1.610403569788994460e+00
4.777985835189711317e+00
5.322136715292966613e+00
2.802630606380973166e+00
2.570033910072218042e+00
-5.475427065127034254e-01
2.184974815217062272e+00
2.416986574869270044e+00
3.490758814519383968e+00
2.663147136739054677e+00
3.488053876280989396e+00
6.068180578607728748e+00
1.940171802732646889e+00
2.018055434868306186e+00
3.816693713948366984e-01
2.982679066516829014e+00
4.953625964939220694e+00
-5.021406983847391814e-01
1.668286065961224862e+00
3.071881005007837118e+00
4.700205767048874606e+00
3.765740478053730467e+00
3.650927256364261186e+00
2.551374428058198252e+00
3.963748514037430226e+00
5.028607767066922030e+00
-4.179835530984066239e-01
4.457070801670267812e+00
2.802480388266573641e+00
1.940022271570971402e+00
-1.886151571758629686e+00
2.392973526914015103e-01
6.396117984494501307e+00
1.622902935072891184e+00
8.304624574938359594e-01
2.087148087712815236e+00
1.509705556282813443e+00
3.248717265237830887e+00
6.033947356493222891e+00
1.826768098295572518e+00
3.308580101103742344e+00
7.055257175195293051e-01
6.040332884413063930e+00
3.378086884828220171e+00
8.363617534187604008e-01
4.808612440269285138e+00
5.399975297165227062e+00
3.322912726815270723e+00
-2.787939350815520356e-01
6.570337627032949435e+00
3.620245041253052243e+00
5.340908594722906244e+00
1.898213589765715303e+00
2.202752150532198971e+00
3.220906218581130798e+00
5.226803356071759943e+00
3.285980056334322441e+00
4.863323749326369239e-01
3.523978393566681966e+00
6.259068389021534173e+00
3.131612564925662756e+00
3.258771047552964983e+00
4.749125144323604886e-01
1.940218245543210429e-01
1.724615722373516347e+00
2.346964706762552755e+00
3.208121470020560029e+00
3.331913948948353354e+00
6.203815302033856227e+00
3.117374876899819736e+00
5.128845376821814739e+00
2.921341330710169437e+00
5.897807223251522402e+00
-7.407949574944017179e-01
1.802536466643141377e+00
4.966066792518481599e+00
2.656807989486568822e+00
4.863059226775931165e+00
3.770132205554542093e+00
4.891753967426068606e+00
4.226135456057686923e+00
4.347297867627500700e+00
5.984910774303100034e+00
4.972948037401879517e+00
4.987613414272819234e+00
3.040837517571153281e+00
1.836299580366255402e+00
1.680879823455407207e+00
4.501889194379360859e+00
-1.876921128090047297e+00
3.856436233914286582e-01
1.073492628242419977e+00
2.504757242612765999e+00
-2.262876073616667760e+00
5.517442605178665360e+00
4.200350472659187595e+00
6.969164796917132421e+00
5.124428937845563858e+00
5.060758662304055910e+00
7.501352062061735104e+00
1.858083826285140239e+00
-6.916798498788789828e-03
2.535285207014520203e+00
1.350015892305679088e+00
2.486309277951105567e+00
8.995620194838194195e-01
4.135760134907993546e+00
4.025965699197448622e+00
2.946154818863455205e+00
3.623163006765760308e+00
2.715898545741634251e+00
4.504067336534562926e+00
3.139281498970711848e+00
2.469108750208453440e+00
4.859168939885421423e+00
5.521642538453523485e+00
5.674907651282424581e+00
1.019450621361036147e+00
1.931105583916605140e+00
-4.029921894953840678e-01
2.522869963592787812e+00
3.832247628955251173e+00
2.734397650976050365e+00
6.861701734096604000e+00
2.188313249777286362e+00
8.229828890221417836e-01
4.137008413335751200e+00
3.299867656996320786e+00
4.099285191600770872e+00
3.607575861572379416e+00
3.487531521061747242e+00
-1.244597766085183466e+00
1.547771944965308011e+00
1.819350164094271305e+00
2.304071324130147147e+00
2.103216723078117578e+00
3.825637523375382099e+00
4.201765017384039069e+00
7.367181464976950700e-01
4.373608813589355826e+00
4.171536277334142007e+00
3.931540132076432936e+00
1.642110239406613381e-01
3.881164600577998502e+00
3.165190839072540285e+00
4.921760150427687996e+00
6.568713590602606622e+00
6.176135771188523194e+00
3.225288344479856129e+00
2.996250616548458812e+00
4.263896568018665789e+00
7.699200931611192011e-01
9.863371679039900641e-02
2.054938815950002606e+00
5.441137827429054497e+00
2.337743403435056599e+00
6.005161811618870082e+00
-2.576225766170004761e+00
-1.744128535752609288e-01
2.752622534288601486e+00
4.776389082681751219e+00
2.860753802559814929e+00
2.808694511013400952e+00
2.756517009485815795e+00
-5.257954688021491130e-01
5.316137748879706137e+00
1.634470560325257393e+00
5.179065314428905609e+00
2.858953164075300535e+00
5.136320774658162946e+00
3.686515961955132425e+00
2.786651018883515629e+00
3.452523294137404886e+00
5.404478177684790552e-02
3.012058654342069985e+00
6.432080644224262400e+00
5.616387127977430893e+00
1.029952834603855782e+00
4.011371702675846862e+00
3.495959769495077030e+00
4.634376560234816367e+00
3.188305771044424031e+00
2.532992013739800097e+00
5.661261552721296830e+00
3.432793136544019852e+00
5.510928643892627932e+00
4.948772406688988212e+00
2.351025516962184536e+00
2.665999451285680610e+00
6.859664867998044535e+00
3.382964650879824120e+00
1.482743153279951320e+00
5.999134440299531690e-01
4.948264870515513891e+00
3.320587442192546312e+00
1.415816098942032752e+00
4.349169662473249431e+00
3.319497390111842527e+00
-3.209501415259139456e-01
4.177371109421624595e+00
5.666381405686466977e+00
8.119700461264940827e+00
3.069805128124008853e+00
3.465299316421092790e+00
6.213193610469608608e+00
3.337444533872958363e+00
3.550683726159845399e+00
1.738763217138848072e+00
2.112497745736208188e-01
4.825375871639710823e+00
4.528595263755121891e-01
5.281312485894925857e+00
1.423668882224680798e+00
3.530467916796597549e+00
2.255456537283428098e+00
5.349200475914680730e+00
3.601692804413161753e+00
6.918190705014283459e+00
8.326446412808365949e-01
3.827726163071513810e+00
3.094683761814266187e+00
3.559887142513845415e+00
6.191842343220897327e+00
4.170636060184572003e+00
7.049491826455858146e-01
4.067021636679657881e+00
2.168761247688498539e+00
2.053290059858419170e+00
5.091714656066737454e+00
1.795320033947542804e+00
2.240539344839728830e+00
3.064814508807741422e+00
4.892371793490776000e+00
4.163179605722378440e+00
2.531170176164257324e+00
2.455647068625213425e+00
6.797406769329428222e-01
1.480329822814673735e+00
1.691237828359013706e+00
2.701418116505108991e+00
6.973526074338323610e+00
1.649061132427136478e+00
2.408341864188722869e+00
-1.104796809953211500e+00
4.201142188621014739e+00
-1.548975876540108487e-01
1.186820955671285649e+00
5.084670736881985675e+00
-1.209856859157924625e+00
3.191840824790479925e+00
4.601859293330253564e+00
6.050888472880555646e+00
1.159813783020772870e+00
1.751950299520270038e+00
6.608872646805203033e+00
2.949879710836804669e+00
1.527472131460656524e+00
1.565028325385545482e+00
1.054887352865068850e+00
2.120655589148014553e+00
5.176440952898689218e+00
4.775532137146927703e+00
6.514593943493109940e-01
3.429172149408469927e+00
2.195680529854964647e+00
4.564880808208884311e+00
2.687280545541401278e+00
3.743049363599534551e+00
2.682789586083001332e+00
-1.374171861276445306e+00
3.094004890737288793e+00
4.565061009398263536e-01
4.494256823353682151e+00
1.640344215200424172e+00
1.789974687854021029e+00
2.982194349975394676e+00
4.155587908448761247e+00
2.660512364401742769e+00
6.284365544090039890e+00
6.297635722971616445e+00
6.430937184339981627e+00
2.531362550882465090e+00
3.608308779429059143e-02
5.440157028476558132e+00
2.167309429400448018e+00
3.076332624004015415e+00
4.256640205710340297e+00
-2.088728010253042555e-01
6.258242410664994537e+00
4.749924658206614581e+00
3.704543164142945599e+00
4.781833500957382022e+00
4.113905078654695124e+00
3.233656231138155590e+00
2.384451355710879294e+00
1.521715451288435217e+00
3.574428561806735516e+00
3.722406119543349767e+00
5.166397605376397806e+00
3.401320017438393517e+00
1.293596968438878392e+00
-1.524656947933120676e-01
2.744875675980138041e+00
2.945083246620858297e+00
2.803816834412800496e+00
-6.102579471124824906e-02
5.148930281071015358e+00
5.145259492467564755e+00
1.353429670771018056e+00
4.611964223244308769e+00
4.905661723623312653e+00
3.076894153295385959e+00
1.103002747611846246e+00
6.226763070522047805e+00
3.761842867544452851e+00
2.497925089575914637e+00
4.545690791345816884e+00
6.244416975700302963e+00
2.005679706622268910e+00
4.382845090513577624e+00
6.886320341449416738e+00
7.668703315290406053e-01
1.901492822543874306e+00
1.804289838815590130e+00
2.683345725901559842e+00
2.580052528231610687e+00
3.601590878734100443e+00
1.359248959730526174e+00
1.754673022238213420e+00
3.602580967965151260e+00
3.309823719467420933e+00
4.748159618320398678e+00
3.818710049851280708e+00
4.543693271121526323e+00
7.140959209169999156e-01
2.233167377768434214e+00
6.696759901766890621e+00
3.784156093103338669e+00
4.494785923092633695e+00
3.545469474325588788e+00
3.850671713857571454e+00
2.538191896943652992e+00
1.014315843605262302e+01
2.207688155180603573e+00
2.923357564513696882e+00
-1.849672650910497929e+00
5.212533315189443073e+00
1.895494100630145784e+00
2.878411787976717484e+00
1.943918898236337567e+00
2.722634109450308593e+00
2.431505803158740431e+00
2.913916448438703011e+00
2.894397034692306470e+00
2.691589377028234864e+00
2.664245546907440865e+00
5.617036904652033869e+00
4.762833839518516577e+00
4.774884636893179213e+00
1.535102237776448275e+00
5.513641663696728479e+00
5.263289018391775542e+00
1.893191342396870036e+00
6.047704034399606243e+00
1.633548114000421103e+00
-6.840636768101537868e-01
5.203051972306345085e+00
2.760962439139848623e+00
4.953843129149965385e+00
1.491595674551617234e+00
4.764599765059149838e-01
5.463743577247940131e+00
1.854628732084653286e-01
-1.220610228747274206e-01
-8.511737815287050424e-01
-2.588944596615156968e+00
9.217912334712199396e-01
-1.338815916824072971e+00
2.928789030780341029e+00
-1.472834700649294781e+00
8.114531616480205045e-01
7.664123992419313858e+00
3.690248481224143173e+00
3.105611350815453253e+00
-2.415039606397146876e-01
2.508804668102457835e+00
3.096217126273233866e+00
-2.103615915741179343e-01
3.252361361761237468e+00
5.382464914130197897e+00
2.303483762321239414e+00
2.605527263191429910e+00
-1.084192830990846623e+00
2.015322627808262546e-01
5.115390202856431756e+00
1.676898706838987563e+00
1.140576731115166664e+00
1.614833768057286401e+00
2.885067745998339817e+00
6.831681782684166926e-01
3.253033011940470676e+00
2.799846457538817113e-01
4.548000004151570685e+00
8.858884453207949150e-01
5.640536637864201452e+00
2.979934694485233404e+00
1.308711143209540628e+00
4.822921219164631346e+00
2.510062417937750645e-01
1.905868709965180985e+00
2.999848946778769232e+00
2.757666393423582107e+00
-1.017170936741251808e+00
1.158706914773267371e+00
3.336468684846864541e+00
3.602168812801793685e-01
5.532858597331692607e+00
3.990361777571972191e+00
1.971519218577858501e+00
2.559415069399872511e+00
6.723128247663636259e+00
4.871976901752634426e+00
3.760438289732343620e+00
1.689624591314475843e-01
6.259222637291916413e+00
5.104802137747956436e+00
2.703189224880258035e+00
1.900603861582430554e+00
2.624192122446454167e+00
5.961266382660523888e-01
2.058428884585318919e+00
4.526321028309031824e+00
-6.152425544851438666e-01
2.371851251515450620e+00
3.227511945759674816e+00
3.207136074646657065e+00
6.421260919331488459e-01
6.356942173458790535e-01
5.178330764916767137e+00
5.509418143674178481e-01
5.017301912616873416e+00
2.035269369783017090e+00
5.159592700601871584e+00
2.157842989189971750e+00
6.670573587673898075e-01
4.713109712786923922e+00
2.965217555539605421e+00
5.897153170648902432e+00
4.784400170275675990e+00
2.541146742112407431e+00
2.100664796674052148e+00
3.046744686574497152e+00
3.380420035718379346e+00
1.236502946536382597e+00
4.683879146049153341e+00
2.205273016379205142e+00
2.153944509693375142e+00
1.918623325254994239e+00
3.462034534686742937e+00
1.615894796558289492e+00
3.269940219980588481e+00
8.533206142203741962e+00
2.892781079857315696e+00
2.131990523402703452e+00
-3.353784562958019855e-01
3.100443849528138784e+00
7.815381135007877234e-01
2.248883762056854252e+00
3.303215187294286093e+00
-4.619788996443037199e-01
3.314925504796916833e+00
3.609030350852089342e+00
4.057999606666968795e-01
2.215381615741825350e+00
-6.613327243556090806e-01
6.151001871684810496e+00
3.661126553097689307e+00
2.640822998041795433e+00
2.673128338687674521e+00
5.262887216131536761e+00
2.811668896158778352e+00
3.661633542551506526e+00
6.037259120730990247e+00
2.307665703995603668e+00
8.147293509865356498e-01
1.350998850492757919e+00
5.857327668878596683e+00
3.182856617028114066e+00
1.995337423460651571e+00
4.947288759598317931e+00
4.995914771354320827e+00
2.048704464187122376e+00
1.056126325829098933e+00
-1.410572021224201222e-01
-5.877778418524739479e-01
2.470027096308005987e+00
1.213608105926414105e+00
6.716948819612371224e+00
3.117075509390048182e+00
-8.842990865023203639e-01
5.837458551020125341e+00
3.323420618835191576e+00
4.409958960746211076e+00
4.364069553666820589e+00
3.593113134573078682e+00
4.046685260869087308e+00
3.477521343459410996e+00
7.872281880691258671e-01
3.733464396284948084e+00
5.047811009985080588e+00
2.579887174708364483e+00
4.102604436139510646e+00
3.839178290396123572e+00
6.631304127838214768e+00
2.494499398600479090e+00
2.415991674459517569e+00
2.766136519706500874e+00
2.795217849792619891e+00
-1.545235421908603968e+00
1.714780317066857407e+00
3.599770133091546587e+00
2.983486970664293025e+00
1.401321691605734499e+00
1.670441495649238606e+00
2.288773743406081973e+00
1.396856438395158939e+00
1.973898779113198998e+00
1.921219761042931351e+00
4.790741693214354058e+00
5.032782537082153951e+00
4.867170188789345708e+00
3.853403598350436443e+00
1.583355031172903660e+00
4.919660899987460922e+00
2.371498826961140338e+00
3.046104416518940372e+00
5.676441063861176417e+00
3.167985712263280629e+00
3.494568060475237381e+00
1.744410280068211527e-01
3.974018587533707070e+00
1.039986705395037792e+00
5.023879312735804348e+00
2.630801645654298859e+00
-1.472337684034220828e+00
2.283959794873315907e+00
2.543930923428165514e+00
3.970950452156184696e+00
4.341024781294335000e+00
2.344471510557623262e+00
5.025736389707748941e+00
-3.334110657305812353e+00
1.572022003949541613e+00
7.752714583256268277e-01
4.916329788301574411e-01
4.919412742695021379e+00
4.658340798049698250e+00
1.448459959179556167e+00
5.356114007919920539e+00
3.202933784904836045e+00
2.156631798449694326e+00
1.614154407255126156e+00
1.443456547073814766e+00
3.945549714899069471e+00
4.300309801934004028e+00
3.477002424375818190e+00
-1.100435354766194251e+00
3.592717312105808691e+00
4.130793128077611343e+00
1.661588789071101635e+00
3.086501085796706345e+00
-7.277685986014952313e-01
5.400618766404541304e-01
2.351529303518945735e+00
2.380497711967787478e+00
3.703358743499203243e+00
6.261492269411799150e-01
2.317587870758654134e+00
2.020440439173182057e+00
4.056020947958415945e+00
5.842085536736663087e+00
6.441840639620149744e+00
-1.368800936627150300e-01
2.903971616499085417e+00
7.749413795104693747e-01
2.870510097027520580e+00
3.845838559231897769e+00
3.162981797406823503e+00
2.901976602411078243e+00
5.966078349530603120e+00
4.441978783407817488e+00
2.454691076924432558e+00
3.048422721790586820e+00
4.741795613578798196e+00
4.219581012078557514e+00
2.149847792598357010e+00
-5.504856822071388933e-01
6.306850144546207737e-01
3.291958450027030469e+00
-5.730537053580109230e-01
2.695211003967144414e+00
2.092861647624942201e+00
4.998505606094406417e+00
3.639123530490886438e-01
-8.635379578019772850e-01
2.160718516779783993e+00
4.269526263187044535e+00
5.139837197854703277e+00
1.181345966880114284e+00
3.940527495192371887e+00
7.771391044752911093e-01
